-40,00 to -39,99
213

-39,99 to -23,20
231

-23,20 to -23,19
132

-23,19 to -23,05
231

-23,05 to -23,04
132

-23,04 to -22,82
231

-22,82 to -22,81
132

-22,81 to -22,71
231

-22,71 to -22,70
132

-22,70 to -22,24
231

-22,24 to -22,23
132

-22,23 to -21,82
231

-21,82 to -21,81
132

-21,81 to -21,73
231

-21,73 to -21,70
132

-21,70 to -21,69
231

-21,69 to -21,68
132

-21,68 to -21,62
231

-21,62 to -21,61
132

-21,61 to -21,60
231

-21,60 to -21,59
132

-21,59 to -21,56
231

-21,56 to -21,54
132

-21,54 to -21,48
231

-21,48 to -21,47
132

-21,47 to -21,45
231

-21,45 to -21,44
132

-21,44 to -21,43
231

-21,43 to -21,41
132

-21,41 to -21,39
231

-21,39 to -21,37
132

-21,37 to -21,28
231

-21,28 to -21,27
132

-21,27 to -21,22
231

-21,22 to -21,21
132

-21,21 to -21,19
231

-21,19 to -21,18
132

-21,18 to -21,13
231

-21,13 to -21,11
132

-21,11 to -21,10
231

-21,10 to -21,09
132

-21,09 to -21,07
231

-21,07 to -21,06
132

-21,06 to -21,04
231

-21,04 to -21,03
132

-21,03 to -21,01
231

-21,01 to -21,00
132

-21,00 to -20,97
231

-20,97 to -20,96
132

-20,96 to -20,93
231

-20,93 to -20,92
132

-20,92 to -20,90
231

-20,90 to -20,89
132

-20,89 to -20,87
231

-20,87 to -20,85
132

-20,85 to -20,81
231

-20,81 to -20,80
132

-20,80 to -20,74
231

-20,74 to -20,71
132

-20,71 to -20,70
231

-20,70 to -20,69
132

-20,69 to -20,68
231

-20,68 to -20,67
132

-20,67 to -20,66
231

-20,66 to -20,65
132

-20,65 to -20,58
231

-20,58 to -20,57
132

-20,57 to -20,40
231

-20,40 to -20,38
132

-20,38 to -20,36
231

-20,36 to -20,35
132

-20,35 to -20,31
231

-20,31 to -20,29
132

-20,29 to -20,15
231

-20,15 to -20,14
132

-20,14 to -20,13
231

-20,13 to -20,11
132

-20,11 to -20,10
231

-20,10 to -20,08
132

-20,08 to -20,05
231

-20,05 to -20,04
132

-20,04 to -19,98
231

-19,98 to -19,97
132

-19,97 to -19,95
231

-19,95 to -19,94
132

-19,94 to -19,92
231

-19,92 to -19,90
132

-19,90 to -19,87
231

-19,87 to -19,86
132

-19,86 to -19,80
231

-19,80 to -19,79
132

-19,79 to -19,74
231

-19,74 to -19,73
132

-19,73 to -19,64
231

-19,64 to -19,63
132

-19,63 to -19,62
231

-19,62 to -19,61
132

-19,61 to -19,28
231

-19,28 to -19,27
132

-19,27 to -19,13
231

-19,13 to -19,12
132

-19,12 to -18,78
231

-18,78 to -18,77
132

-18,77 to -18,49
231

-18,49 to -18,48
132

-18,48 to -18,41
231

-18,41 to -18,38
132

-18,38 to -18,34
231

-18,34 to -18,31
132

-18,31 to -18,26
231

-18,26 to -18,25
132

-18,25 to -18,22
231

-18,22 to -18,21
132

-18,21 to -18,19
231

-18,19 to -18,12
132

-18,12 to -18,11
231

-18,11 to -18,10
132

-18,10 to -18,09
231

-18,09 to -18,03
132

-18,03 to -18,02
231

-18,02 to -17,99
132

-17,99 to -17,97
231

-17,97 to -17,90
132

-17,90 to -17,89
231

-17,89 to -12,61
132

-12,61 to -12,52
231

-12,52 to 12,52
132

12,52 to 12,61
231

12,61 to 17,76
132

17,76 to 17,77
231

17,77 to 17,89
132

17,89 to 17,91
231

17,91 to 17,92
132

17,92 to 17,93
231

17,93 to 17,99
132

17,99 to 18,01
231

18,01 to 18,02
132

18,02 to 18,03
231

18,03 to 18,04
132

18,04 to 18,05
231

18,05 to 18,10
132

18,10 to 18,11
231

18,11 to 18,13
132

18,13 to 18,14
231

18,14 to 18,15
132

18,15 to 18,19
231

18,19 to 18,20
132

18,20 to 18,23
231

18,23 to 18,25
132

18,25 to 18,26
231

18,26 to 18,27
132

18,27 to 18,28
231

18,28 to 18,31
132

18,31 to 18,33
231

18,33 to 18,36
132

18,36 to 18,44
231

18,44 to 18,45
132

18,45 to 19,25
231

19,25 to 19,26
132

19,26 to 19,36
231

19,36 to 19,37
132

19,37 to 19,40
231

19,40 to 19,41
132

19,41 to 19,50
231

19,50 to 19,51
132

19,51 to 19,59
231

19,59 to 19,60
132

19,60 to 19,69
231

19,69 to 19,70
132

19,70 to 19,71
231

19,71 to 19,72
132

19,72 to 19,83
231

19,83 to 19,84
132

19,84 to 19,87
231

19,87 to 19,90
132

19,90 to 19,96
231

19,96 to 19,97
132

19,97 to 20,10
231

20,10 to 20,12
132

20,12 to 20,14
231

20,14 to 20,15
132

20,15 to 20,26
231

20,26 to 20,27
132

20,27 to 20,28
231

20,28 to 20,30
132

20,30 to 20,37
231

20,37 to 20,38
132

20,38 to 20,51
231

20,51 to 20,52
132

20,52 to 20,54
231

20,54 to 20,57
132

20,57 to 20,65
231

20,65 to 20,67
132

20,67 to 20,70
231

20,70 to 20,71
132

20,71 to 20,73
231

20,73 to 20,74
132

20,74 to 20,75
231

20,75 to 20,76
132

20,76 to 20,88
231

20,88 to 20,91
132

20,91 to 20,92
231

20,92 to 20,93
132

20,93 to 20,94
231

20,94 to 20,95
132

20,95 to 20,96
231

20,96 to 20,97
132

20,97 to 21,03
231

21,03 to 21,04
132

21,04 to 21,11
231

21,11 to 21,12
132

21,12 to 21,18
231

21,18 to 21,19
132

21,19 to 21,22
231

21,22 to 21,23
132

21,23 to 21,26
231

21,26 to 21,27
132

21,27 to 21,29
231

21,29 to 21,30
132

21,30 to 21,33
231

21,33 to 21,34
132

21,34 to 21,35
231

21,35 to 21,36
132

21,36 to 21,40
231

21,40 to 21,41
132

21,41 to 21,55
231

21,55 to 21,56
132

21,56 to 21,68
231

21,68 to 21,69
132

21,69 to 21,72
231

21,72 to 21,74
132

21,74 to 21,77
231

21,77 to 21,78
132

21,78 to 21,85
231

21,85 to 21,86
132

21,86 to 21,88
231

21,88 to 21,89
132

21,89 to 21,94
231

21,94 to 21,95
132

21,95 to 21,97
231

21,97 to 21,98
132

21,98 to 22,01
231

22,01 to 22,02
132

22,02 to 22,09
231

22,09 to 22,10
132

22,10 to 22,16
231

22,16 to 22,17
132

22,17 to 22,18
231

22,18 to 22,19
132

22,19 to 22,20
231

22,20 to 22,21
132

22,21 to 22,29
231

22,29 to 22,30
132

22,30 to 22,31
231

22,31 to 22,32
132

22,32 to 22,47
231

22,47 to 22,48
132

22,48 to 22,49
231

22,49 to 22,50
132

22,50 to 23,14
231

23,14 to 23,15
132

23,15 to 40,00
231