-40,00 to 0,01
321

0,01 to 21,55
132

21,55 to 21,56
231

21,56 to 21,70
132

21,70 to 21,71
231

21,71 to 21,93
132

21,93 to 21,94
231

21,94 to 21,96
132

21,96 to 21,97
231

21,97 to 22,04
132

22,04 to 22,06
231

22,06 to 22,09
132

22,09 to 22,11
231

22,11 to 22,12
132

22,12 to 22,13
231

22,13 to 22,20
132

22,20 to 22,21
231

22,21 to 22,24
132

22,24 to 22,25
231

22,25 to 22,28
132

22,28 to 22,29
231

22,29 to 22,32
132

22,32 to 22,33
231

22,33 to 22,47
132

22,47 to 22,50
231

22,50 to 22,57
132

22,57 to 22,58
231

22,58 to 22,59
132

22,59 to 22,60
231

22,60 to 22,62
132

22,62 to 22,64
231

22,64 to 22,65
132

22,65 to 22,67
231

22,67 to 22,70
132

22,70 to 22,73
231

22,73 to 22,74
132

22,74 to 22,75
231

22,75 to 22,77
132

22,77 to 22,78
231

22,78 to 22,79
132

22,79 to 22,83
231

22,83 to 22,87
132

22,87 to 22,89
231

22,89 to 22,92
132

22,92 to 22,96
231

22,96 to 22,97
132

22,97 to 22,98
231

22,98 to 23,00
132

23,00 to 23,03
231

23,03 to 23,05
132

23,05 to 23,10
231

23,10 to 23,11
132

23,11 to 23,15
231

23,15 to 23,16
132

23,16 to 23,23
231

23,23 to 23,24
132

23,24 to 23,25
231

23,25 to 23,26
132

23,26 to 23,27
231

23,27 to 23,29
132

23,29 to 23,30
231

23,30 to 23,31
132

23,31 to 23,35
231

23,35 to 23,36
132

23,36 to 23,38
231

23,38 to 23,39
132

23,39 to 23,46
231

23,46 to 23,47
132

23,47 to 23,52
231

23,52 to 23,53
132

23,53 to 23,54
231

23,54 to 23,56
132

23,56 to 23,59
231

23,59 to 23,61
132

23,61 to 23,63
231

23,63 to 23,64
132

23,64 to 23,66
231

23,66 to 23,67
132

23,67 to 23,68
231

23,68 to 23,69
132

23,69 to 23,73
231

23,73 to 23,74
132

23,74 to 23,77
231

23,77 to 23,80
132

23,80 to 23,83
231

23,83 to 23,84
132

23,84 to 23,89
231

23,89 to 23,91
132

23,91 to 23,96
231

23,96 to 23,97
132

23,97 to 24,02
231

24,02 to 24,03
132

24,03 to 24,08
231

24,08 to 24,09
132

24,09 to 24,17
231

24,17 to 24,18
132

24,18 to 24,21
231

24,21 to 24,22
132

24,22 to 24,24
231

24,24 to 24,25
132

24,25 to 24,29
231

24,29 to 24,30
132

24,30 to 24,34
231

24,34 to 24,35
132

24,35 to 24,43
231

24,43 to 24,44
132

24,44 to 24,46
231

24,46 to 24,47
132

24,47 to 24,57
231

24,57 to 24,58
132

24,58 to 24,85
231

24,85 to 24,87
132

24,87 to 25,00
231

25,00 to 25,01
132

25,01 to 25,03
231

25,03 to 25,04
132

25,04 to 25,22
231

25,22 to 25,23
132

25,23 to 25,38
231

25,38 to 25,39
132

25,39 to 25,45
231

25,45 to 25,46
132

25,46 to 25,73
231

25,73 to 25,74
132

25,74 to 25,95
231

25,95 to 25,98
132

25,98 to 27,29
231

27,29 to 27,30
132

27,30 to 28,53
231

28,53 to 28,54
132

28,54 to 40,00
231